{
    "camera_angle_x": 52.99525337938548,
    "frames": [
        {
            "file_path": "./train/i_0",
            "rotation": 0.012566370614359171,
            "transform_matrix": [
                [
                    0.9736183618402022,
                    -0.1266820776645436,
                    0.1897865555991669,
                    -5.879771435908151
                ],
                [
                    0.15703944546552395,
                    0.97542804648828,
                    -0.15452746905303996,
                    -2.3904425485797
                ],
                [
                    -0.16554726834195235,
                    0.1802547567268408,
                    0.9695887399417673,
                    4.326783616867853
                ],
                [
                    0.0,
                    0.0,
                    0.0,
                    1.0
                ]
            ]
        },
        {
            "file_path": "./train/i_1",
            "rotation": 0.012566370614359171,
            "transform_matrix": [
                [
                    0.9998701822998372,
                    -0.0068716598305866745,
                    0.014573909525709422,
                    0.019519042951535504
                ],
                [
                    0.006944641317800083,
                    0.9999635696392793,
                    -0.004962998210469514,
                    -0.40161349911878774
                ],
                [
                    -0.014539274557486173,
                    0.005063564499710144,
                    0.9998814778812031,
                    0.2316799958245909
                ],
                [
                    0.0,
                    0.0,
                    0.0,
                    1.0
                ]
            ]
        },
        {
            "file_path": "./train/i_2",
            "rotation": 0.012566370614359171,
            "transform_matrix": [
                [
                    0.017551536983117594,
                    -0.43897522331705735,
                    0.8983277224171962,
                    -10.180357483910463
                ],
                [
                    0.5311813468806506,
                    0.7652804934359616,
                    0.3635823745624506,
                    -9.206929566774855
                ],
                [
                    -0.8470763367463349,
                    0.47079350004024856,
                    0.24660729925178979,
                    14.583210011311117
                ],
                [
                    0.0,
                    0.0,
                    0.0,
                    1.0
                ]
            ]
        },
        {
            "file_path": "./train/i_3",
            "rotation": 0.012566370614359171,
            "transform_matrix": [
                [
                    0.7031198781251106,
                    -0.34148621488458253,
                    0.6237063427841095,
                    -8.985959270911124
                ],
                [
                    0.42804886542502707,
                    0.9036729611756676,
                    0.012220803915768774,
                    -4.658203425311769
                ],
                [
                    -0.5677997937598049,
                    0.25838410222728525,
                    0.7815632091664255,
                    7.295174350232415
                ],
                [
                    0.0,
                    0.0,
                    0.0,
                    1.0
                ]
            ]
        },
        {
            "file_path": "./train/i_4",
            "rotation": 0.012566370614359171,
            "transform_matrix": [
                [
                    0.5355137294138655,
                    0.2521524985782043,
                    -0.8060050639233113,
                    6.880946403713201
                ],
                [
                    -0.45839203588867217,
                    0.8883506207582331,
                    -0.026644249516417653,
                    -0.5424482448661931
                ],
                [
                    0.7092966847822519,
                    0.3837346636143592,
                    0.591308651127043,
                    1.542877930178838
                ],
                [
                    0.0,
                    0.0,
                    0.0,
                    1.0
                ]
            ]
        },
        {
            "file_path": "./train/i_5",
            "rotation": 0.012566370614359171,
            "transform_matrix": [
                [
                    0.43477293461394895,
                    -0.4139336825608805,
                    0.7997695929258377,
                    -10.633840246496385
                ],
                [
                    0.45517455089581443,
                    0.8673144089158609,
                    0.20144935915441492,
                    -5.54678676921173
                ],
                [
                    -0.777038366841669,
                    0.2764500362244827,
                    0.5654969088576112,
                    9.91655509415903
                ],
                [
                    0.0,
                    0.0,
                    0.0,
                    1.0
                ]
            ]
        },
        {
            "file_path": "./train/i_6",
            "rotation": 0.012566370614359171,
            "transform_matrix": [
                [
                    -0.9800446372926017,
                    -0.1751350683439317,
                    -0.09402242684690053,
                    2.4706979533584223
                ],
                [
                    -0.15959921361656554,
                    0.41132886714655215,
                    0.8974055126111642,
                    -11.533991242121617
                ],
                [
                    -0.1184930374620699,
                    0.8945033654984742,
                    -0.4310720695949939,
                    14.799951175501024
                ],
                [
                    0.0,
                    0.0,
                    0.0,
                    1.0
                ]
            ]
        },
        {
            "file_path": "./train/i_7",
            "rotation": 0.012566370614359171,
            "transform_matrix": [
                [
                    -0.6376537999241376,
                    0.1101553271820623,
                    -0.7624063452882063,
                    9.645751415659443
                ],
                [
                    -0.5993277054830791,
                    0.5508385739754075,
                    0.5808469392715475,
                    -7.064368581844822
                ],
                [
                    0.4839462086665188,
                    0.8273105035681275,
                    -0.28522517035344774,
                    11.060555114634951
                ],
                [
                    0.0,
                    0.0,
                    0.0,
                    1.0
                ]
            ]
        },
        {
            "file_path": "./train/i_8",
            "rotation": 0.012566370614359171,
            "transform_matrix": [
                [
                    0.10426912501969345,
                    0.2857283236990737,
                    -0.9526212650385997,
                    10.32026896314523
                ],
                [
                    -0.5953752191174907,
                    0.7851831167896659,
                    0.17034031105190853,
                    -2.185410491594122
                ],
                [
                    0.7966531855383675,
                    0.5494058592193751,
                    0.2519859198983046,
                    4.718608648092089
                ],
                [
                    0.0,
                    0.0,
                    0.0,
                    1.0
                ]
            ]
        },
        {
            "file_path": "./train/i_9",
            "rotation": 0.012566370614359171,
            "transform_matrix": [
                [
                    0.2993923070337627,
                    0.2863102277609558,
                    -0.9101597112421911,
                    9.209873724513054
                ],
                [
                    -0.5462143553672448,
                    0.8335686035400974,
                    0.08254248108066214,
                    -1.3600560994159152
                ],
                [
                    0.782313316056775,
                    0.4724297161183636,
                    0.4059507837762821,
                    3.0991255931865656
                ],
                [
                    0.0,
                    0.0,
                    0.0,
                    1.0
                ]
            ]
        },
        {
            "file_path": "./train/i_10",
            "rotation": 0.012566370614359171,
            "transform_matrix": [
                [
                    -0.1451888402819806,
                    -0.47363197964338444,
                    0.868673096461874,
                    -10.040159514408852
                ],
                [
                    0.5762430374713723,
                    0.6732206156446887,
                    0.4633766982021798,
                    -11.369936047585536
                ],
                [
                    -0.804278659684156,
                    0.5678439491005175,
                    0.1751830101539108,
                    14.136539751403024
                ],
                [
                    0.0,
                    0.0,
                    0.0,
                    1.0
                ]
            ]
        },
        {
            "file_path": "./train/i_11",
            "rotation": 0.012566370614359171,
            "transform_matrix": [
                [
                    0.9085228249253599,
                    -0.21516892657989614,
                    0.358173993506088,
                    -7.751156999046362
                ],
                [
                    0.2788918846047367,
                    0.9505915513617582,
                    -0.13636355517976229,
                    -3.2894765527550978
                ],
                [
                    -0.31113597235174034,
                    0.2237812224341021,
                    0.9236429890356095,
                    5.271227630464083
                ],
                [
                    0.0,
                    0.0,
                    0.0,
                    1.0
                ]
            ]
        },
        {
            "file_path": "./train/i_12",
            "rotation": 0.012566370614359171,
            "transform_matrix": [
                [
                    0.9998124722899364,
                    -0.00937991323627695,
                    0.016942180531603145,
                    -0.6090868378869005
                ],
                [
                    0.009598085705365765,
                    0.9998714665450202,
                    -0.012842396190089724,
                    -0.5671566594616682
                ],
                [
                    -0.016819542332595767,
                    0.013002600385719078,
                    0.9997739921496912,
                    0.9874385306336293
                ],
                [
                    0.0,
                    0.0,
                    0.0,
                    1.0
                ]
            ]
        },
        {
            "file_path": "./train/i_13",
            "rotation": 0.012566370614359171,
            "transform_matrix": [
                [
                    0.9988299202944034,
                    -0.03468447474533814,
                    0.033701298733366955,
                    -1.2563525347170734
                ],
                [
                    0.03672754590424774,
                    0.9973986062033249,
                    -0.06202505715850839,
                    -0.9070635157625941
                ],
                [
                    -0.03146232185530963,
                    0.06319024889415359,
                    0.9975054459741894,
                    2.2901812740479657
                ],
                [
                    0.0,
                    0.0,
                    0.0,
                    1.0
                ]
            ]
        },
        {
            "file_path": "./train/i_14",
            "rotation": 0.012566370614359171,
            "transform_matrix": [
                [
                    0.9981004992181827,
                    -0.04633390846614485,
                    0.040602492370120216,
                    -1.835249056211011
                ],
                [
                    0.05015457376781379,
                    0.9938448809609023,
                    -0.09877687643360063,
                    -1.3270028384806958
                ],
                [
                    -0.035775860445052016,
                    0.1006256503783264,
                    0.9942809292626271,
                    2.991768495144759
                ],
                [
                    0.0,
                    0.0,
                    0.0,
                    1.0
                ]
            ]
        },
        {
            "file_path": "./train/i_15",
            "rotation": 0.012566370614359171,
            "transform_matrix": [
                [
                    0.3226915067796795,
                    -0.4268369956706195,
                    0.8447960526536192,
                    -11.164751222911221
                ],
                [
                    0.46191011463630144,
                    0.8500592737150828,
                    0.25305785340049136,
                    -6.111671814817728
                ],
                [
                    -0.8261411728324277,
                    0.30856022150929213,
                    0.4714672334883909,
                    11.02665155785365
                ],
                [
                    0.0,
                    0.0,
                    0.0,
                    1.0
                ]
            ]
        },
        {
            "file_path": "./train/i_16",
            "rotation": 0.012566370614359171,
            "transform_matrix": [
                [
                    -0.628578649974482,
                    -0.4758357731027372,
                    0.6151985027874977,
                    -4.029437539541058
                ],
                [
                    0.4120972637999058,
                    0.46706609647806563,
                    0.7823203350861935,
                    -13.433220700276628
                ],
                [
                    -0.6595943647158377,
                    0.745271479768587,
                    -0.09749715625928265,
                    15.105996233727192
                ],
                [
                    0.0,
                    0.0,
                    0.0,
                    1.0
                ]
            ]
        },
        {
            "file_path": "./train/i_17",
            "rotation": 0.012566370614359171,
            "transform_matrix": [
                [
                    -0.9206324933323157,
                    -0.27119659045012223,
                    0.2808704711231749,
                    1.252301228766141
                ],
                [
                    0.15037601660364514,
                    0.4175890879932343,
                    0.896106247729252,
                    -13.273768591247176
                ],
                [
                    -0.3603094029457808,
                    0.8672207117667358,
                    -0.3436646202791995,
                    16.055626889998592
                ],
                [
                    0.0,
                    0.0,
                    0.0,
                    1.0
                ]
            ]
        },
        {
            "file_path": "./train/i_18",
            "rotation": 0.012566370614359171,
            "transform_matrix": [
                [
                    -0.8119678138062771,
                    0.12218087674810195,
                    -0.5707714977990048,
                    8.239847324750224
                ],
                [
                    -0.4831365186191056,
                    0.4080449527595134,
                    0.7746472880634743,
                    -10.643053977557184
                ],
                [
                    0.32754751368200963,
                    0.904749219333484,
                    -0.27228932479291895,
                    12.547731398942405
                ],
                [
                    0.0,
                    0.0,
                    0.0,
                    1.0
                ]
            ]
        },
        {
            "file_path": "./train/i_19",
            "rotation": 0.012566370614359171,
            "transform_matrix": [
                [
                    -0.7205925554721339,
                    -0.4371652061971969,
                    0.5381755768229392,
                    -3.4065848019141933
                ],
                [
                    0.34953669064558407,
                    0.4412997383722217,
                    0.8264857184520147,
                    -13.687650529321282
                ],
                [
                    -0.5988075407763952,
                    0.7836715660295247,
                    -0.1651920267632605,
                    15.259587722263403
                ],
                [
                    0.0,
                    0.0,
                    0.0,
                    1.0
                ]
            ]
        },
        {
            "file_path": "./train/i_20",
            "rotation": 0.012566370614359171,
            "transform_matrix": [
                [
                    0.6690280158119587,
                    -0.36120613488063846,
                    0.6495626545478902,
                    -9.53766276414112
                ],
                [
                    0.43948635536333214,
                    0.8970615060337742,
                    0.04617789343259545,
                    -4.738011714227588
                ],
                [
                    -0.5993773915557448,
                    0.2545796192097984,
                    0.7589044471966312,
                    7.42221713842636
                ],
                [
                    0.0,
                    0.0,
                    0.0,
                    1.0
                ]
            ]
        },
        {
            "file_path": "./train/i_21",
            "rotation": 0.012566370614359171,
            "transform_matrix": [
                [
                    -0.9168624208726978,
                    -0.3387618869607706,
                    0.21119584544738715,
                    -0.31907352338668526
                ],
                [
                    0.02988962045128775,
                    0.46930362433213313,
                    0.8825308599578836,
                    -11.07820125212054
                ],
                [
                    -0.3980827951327907,
                    0.815471944417157,
                    -0.4201613929048714,
                    15.394843458821201
                ],
                [
                    0.0,
                    0.0,
                    0.0,
                    1.0
                ]
            ]
        },
        {
            "file_path": "./train/i_22",
            "rotation": 0.012566370614359171,
            "transform_matrix": [
                [
                    0.4466707180267534,
                    0.2655904044186785,
                    -0.8543693620081336,
                    7.641909929611178
                ],
                [
                    -0.49051617501637984,
                    0.871312904495401,
                    0.014411957087159116,
                    -0.6705193918299714
                ],
                [
                    0.7482507278344379,
                    0.41264459228312506,
                    0.5194663499734413,
                    2.002809566913991
                ],
                [
                    0.0,
                    0.0,
                    0.0,
                    1.0
                ]
            ]
        },
        {
            "file_path": "./train/i_23",
            "rotation": 0.012566370614359171,
            "transform_matrix": [
                [
                    -0.8667085444661929,
                    0.0897310562575878,
                    -0.49067773180794605,
                    7.483113348836931
                ],
                [
                    -0.41890643670065497,
                    0.4031000040983824,
                    0.8136508981047356,
                    -11.039640359252656
                ],
                [
                    0.2708019502146441,
                    0.9107462457999915,
                    -0.3117813007881725,
                    12.821615540623053
                ],
                [
                    0.0,
                    0.0,
                    0.0,
                    1.0
                ]
            ]
        },
        {
            "file_path": "./train/i_24",
            "rotation": 0.012566370614359171,
            "transform_matrix": [
                [
                    0.997023079410176,
                    -0.054290441888565966,
                    0.054749676190772506,
                    -2.74668181752807
                ],
                [
                    0.06044485030857602,
                    0.9911888275662601,
                    -0.1178606303181719,
                    -1.5564294307194453
                ],
                [
                    -0.047868561651925795,
                    0.12081910456284467,
                    0.991519714770214,
                    3.2064423378160622
                ],
                [
                    0.0,
                    0.0,
                    0.0,
                    1.0
                ]
            ]
        },
        {
            "file_path": "./train/i_25",
            "rotation": 0.012566370614359171,
            "transform_matrix": [
                [
                    0.9976264945060717,
                    -0.05543753209780755,
                    0.0408418595858693,
                    -3.7247094395857183
                ],
                [
                    0.06080724828776529,
                    0.9875932867325027,
                    -0.14478252158517896,
                    -1.6924355559043238
                ],
                [
                    -0.0323087606570963,
                    0.14692236057114574,
                    0.9886202324194074,
                    3.4812667971321076
                ],
                [
                    0.0,
                    0.0,
                    0.0,
                    1.0
                ]
            ]
        },
        {
            "file_path": "./train/i_26",
            "rotation": 0.012566370614359171,
            "transform_matrix": [
                [
                    -0.7970397938684455,
                    -0.38240310007597683,
                    0.46743495380900835,
                    -2.001099234462918
                ],
                [
                    0.2956313338240164,
                    0.42786852462789177,
                    0.854125658257721,
                    -13.771329388274776
                ],
                [
                    -0.5266210036179527,
                    0.8189605574660056,
                    -0.22797790213831018,
                    15.645490416558456
                ],
                [
                    0.0,
                    0.0,
                    0.0,
                    1.0
                ]
            ]
        },
        {
            "file_path": "./train/i_27",
            "rotation": 0.012566370614359171,
            "transform_matrix": [
                [
                    -0.7221380842988997,
                    0.0657476017585341,
                    -0.6886173393606325,
                    8.874655681665695
                ],
                [
                    -0.5761976376931216,
                    0.4936607479837404,
                    0.6513795730731791,
                    -7.91393633800743
                ],
                [
                    0.3827699955874062,
                    0.8671656812646195,
                    -0.3186076140252841,
                    11.57298342613415
                ],
                [
                    0.0,
                    0.0,
                    0.0,
                    1.0
                ]
            ]
        },
        {
            "file_path": "./train/i_28",
            "rotation": 0.012566370614359171,
            "transform_matrix": [
                [
                    -0.5722586702126475,
                    -0.48729000099318875,
                    0.6595972023125258,
                    -4.517380996906493
                ],
                [
                    0.45711852485249505,
                    0.47823026544840536,
                    0.7498923038982516,
                    -13.418641527566585
                ],
                [
                    -0.6808543666623076,
                    0.7306464727494434,
                    -0.05092212933156797,
                    14.870003078369788
                ],
                [
                    0.0,
                    0.0,
                    0.0,
                    1.0
                ]
            ]
        },
        {
            "file_path": "./train/i_29",
            "rotation": 0.012566370614359171,
            "transform_matrix": [
                [
                    0.9414255535626741,
                    -0.18105154020639558,
                    0.2844965147204876,
                    -7.2736880384311124
                ],
                [
                    0.2302880256940349,
                    0.9614649403990637,
                    -0.15017520968977544,
                    -2.9391426076622484
                ],
                [
                    -0.24634397155432264,
                    0.2068949206054039,
                    0.9468416654892865,
                    4.82975313409879
                ],
                [
                    0.0,
                    0.0,
                    0.0,
                    1.0
                ]
            ]
        },
        {
            "file_path": "./train/i_30",
            "rotation": 0.012566370614359171,
            "transform_matrix": [
                [
                    0.8636099542937334,
                    -0.2484958335481121,
                    0.43866578115235355,
                    -8.105519993244126
                ],
                [
                    0.327243042093134,
                    0.938185144866853,
                    -0.11278574977714871,
                    -3.6660739327482417
                ],
                [
                    -0.38352293053533065,
                    0.24095322089648555,
                    0.8915445625952751,
                    5.906258139237972
                ],
                [
                    0.0,
                    0.0,
                    0.0,
                    1.0
                ]
            ]
        },
        {
            "file_path": "./train/i_31",
            "rotation": 0.012566370614359171,
            "transform_matrix": [
                [
                    0.36730885254178186,
                    -0.42180510358193396,
                    0.8289539561620238,
                    -10.759713708580621
                ],
                [
                    0.45582603345538636,
                    0.8585202828864169,
                    0.2348734789135533,
                    -5.767169303467065
                ],
                [
                    -0.8107446170458174,
                    0.29158768572225147,
                    0.5076118472478474,
                    10.575746653582037
                ],
                [
                    0.0,
                    0.0,
                    0.0,
                    1.0
                ]
            ]
        },
        {
            "file_path": "./train/i_32",
            "rotation": 0.012566370614359171,
            "transform_matrix": [
                [
                    -0.2094209753156523,
                    0.24471922343940086,
                    -0.946707640603505,
                    11.160694937768445
                ],
                [
                    -0.6404725409413086,
                    0.6972554155080897,
                    0.3219158427987371,
                    -3.962213430514188
                ],
                [
                    0.7388760243762318,
                    0.6737561778743513,
                    0.010716033693593158,
                    7.266355607012315
                ],
                [
                    0.0,
                    0.0,
                    0.0,
                    1.0
                ]
            ]
        },
        {
            "file_path": "./train/i_33",
            "rotation": 0.012566370614359171,
            "transform_matrix": [
                [
                    0.7694494288061823,
                    0.17106104909834308,
                    -0.6153744339759446,
                    3.3354758892489116
                ],
                [
                    -0.3373574728207631,
                    0.926954540919868,
                    -0.16414997593669392,
                    -0.11302352362463716
                ],
                [
                    0.5423444588468009,
                    0.33390626910767224,
                    0.7709533652619759,
                    0.6987140714115497
                ],
                [
                    0.0,
                    0.0,
                    0.0,
                    1.0
                ]
            ]
        },
        {
            "file_path": "./train/i_34",
            "rotation": 0.012566370614359171,
            "transform_matrix": [
                [
                    -0.9782908040014175,
                    -0.1740489301729421,
                    -0.11249032274785294,
                    1.806824966394732
                ],
                [
                    -0.17102012010601747,
                    0.37146615945173006,
                    0.9125595930683671,
                    -12.24574283010533
                ],
                [
                    -0.11704367272597191,
                    0.9119867665091598,
                    -0.39316779673185176,
                    14.192252263963907
                ],
                [
                    0.0,
                    0.0,
                    0.0,
                    1.0
                ]
            ]
        },
        {
            "file_path": "./train/i_35",
            "rotation": 0.012566370614359171,
            "transform_matrix": [
                [
                    0.5871915015287418,
                    -0.38776848282935195,
                    0.7105221631002385,
                    -10.545555077576704
                ],
                [
                    0.45644955231924944,
                    0.883535502187795,
                    0.10497057950358167,
                    -5.072648971570064
                ],
                [
                    -0.6684758385461502,
                    0.26267969106495836,
                    0.6958012885745747,
                    8.188010635549436
                ],
                [
                    0.0,
                    0.0,
                    0.0,
                    1.0
                ]
            ]
        },
        {
            "file_path": "./train/i_36",
            "rotation": 0.012566370614359171,
            "transform_matrix": [
                [
                    0.8012849853319668,
                    -0.2855590851130329,
                    0.5257360375615856,
                    -8.253850622961307
                ],
                [
                    0.37355056153723987,
                    0.925201228340879,
                    -0.06680318144925222,
                    -4.161903130009762
                ],
                [
                    -0.46733537235775735,
                    0.2499173783191862,
                    0.8480206092762723,
                    6.561031469954938
                ],
                [
                    0.0,
                    0.0,
                    0.0,
                    1.0
                ]
            ]
        },
        {
            "file_path": "./train/i_37",
            "rotation": 0.012566370614359171,
            "transform_matrix": [
                [
                    -0.5325886804470183,
                    0.1528095517045904,
                    -0.8324653376372761,
                    10.448290050943468
                ],
                [
                    -0.6221629607188577,
                    0.5961418397509133,
                    0.5074723216175826,
                    -6.28037059628685
                ],
                [
                    0.5738140358768257,
                    0.7882031132939248,
                    -0.22242595267754647,
                    10.372746519147709
                ],
                [
                    0.0,
                    0.0,
                    0.0,
                    1.0
                ]
            ]
        },
        {
            "file_path": "./train/i_38",
            "rotation": 0.012566370614359171,
            "transform_matrix": [
                [
                    -0.7617909124968792,
                    0.0825978056161315,
                    -0.6425357640976663,
                    8.52415860230376
                ],
                [
                    -0.5503568108270065,
                    0.4406902140437495,
                    0.7091540848238828,
                    -9.250251917362894
                ],
                [
                    0.3417337946611369,
                    0.8938510713499597,
                    -0.29025553540462906,
                    12.148969561733413
                ],
                [
                    0.0,
                    0.0,
                    0.0,
                    1.0
                ]
            ]
        },
        {
            "file_path": "./train/i_39",
            "rotation": 0.012566370614359171,
            "transform_matrix": [
                [
                    -0.47719495017923685,
                    -0.5098754866148528,
                    0.7157597136418774,
                    -5.782999855650073
                ],
                [
                    0.5125036547759956,
                    0.5001643842348953,
                    0.6979796505516302,
                    -13.443835302019464
                ],
                [
                    -0.7138802304061129,
                    0.6999018337539853,
                    0.022637131954403294,
                    14.352434259988852
                ],
                [
                    0.0,
                    0.0,
                    0.0,
                    1.0
                ]
            ]
        },
        {
            "file_path": "./train/i_40",
            "rotation": 0.012566370614359171,
            "transform_matrix": [
                [
                    0.9583820181934884,
                    -0.15443304419668283,
                    0.24011318594263262,
                    -6.574566711776924
                ],
                [
                    0.19503080577744267,
                    0.9683733869281307,
                    -0.15561480741607392,
                    -2.6353044496795657
                ],
                [
                    -0.2084871506860268,
                    0.19596790132438988,
                    0.9581908419773878,
                    4.670509582259481
                ],
                [
                    0.0,
                    0.0,
                    0.0,
                    1.0
                ]
            ]
        },
        {
            "file_path": "./train/i_41",
            "rotation": 0.012566370614359171,
            "transform_matrix": [
                [
                    0.25698475060149645,
                    -0.4330655508770485,
                    0.8639520048022588,
                    -11.22785128005895
                ],
                [
                    0.47224974303552897,
                    0.8362439189079905,
                    0.2787046614111129,
                    -6.731850023808613
                ],
                [
                    -0.8431719979702624,
                    0.3363782643586869,
                    0.4194170300618144,
                    11.79973784109839
                ],
                [
                    0.0,
                    0.0,
                    0.0,
                    1.0
                ]
            ]
        },
        {
            "file_path": "./train/i_42",
            "rotation": 0.012566370614359171,
            "transform_matrix": [
                [
                    0.650465724211847,
                    0.21853718582246212,
                    -0.7274172393051703,
                    5.148570359268577
                ],
                [
                    -0.40773322268614165,
                    0.9084884872878066,
                    -0.09166399284058593,
                    -0.3542534701895483
                ],
                [
                    0.6408181963267994,
                    0.35621646070655727,
                    0.680045492873942,
                    1.2614049612058948
                ],
                [
                    0.0,
                    0.0,
                    0.0,
                    1.0
                ]
            ]
        },
        {
            "file_path": "./train/i_43",
            "rotation": 0.012566370614359171,
            "transform_matrix": [
                [
                    0.19464062696940776,
                    -0.4384691593694593,
                    0.8774165616255444,
                    -11.105424352065427
                ],
                [
                    0.498841044497382,
                    0.8144549294106553,
                    0.296345710755944,
                    -7.630954113535971
                ],
                [
                    -0.8445546984403781,
                    0.38001047911935587,
                    0.37725243153856536,
                    12.811915458772159
                ],
                [
                    0.0,
                    0.0,
                    0.0,
                    1.0
                ]
            ]
        },
        {
            "file_path": "./train/i_44",
            "rotation": 0.012566370614359171,
            "transform_matrix": [
                [
                    -0.9380109032143066,
                    -0.26690034850374916,
                    0.22113287729250083,
                    1.5422960424767067
                ],
                [
                    0.09086072989355953,
                    0.42633543202317636,
                    0.8999902372608388,
                    -12.71466680468256
                ],
                [
                    -0.3344844887499146,
                    0.8642929499713539,
                    -0.3756565231904249,
                    15.95354903750721
                ],
                [
                    0.0,
                    0.0,
                    0.0,
                    1.0
                ]
            ]
        },
        {
            "file_path": "./train/i_45",
            "rotation": 0.012566370614359171,
